290.15 290.15 290.15 290.15 290.15 290.15 290.15 290.15 290.15 290.15 290.15 290.15 290.15 290.15 290.15 290.15 290.15 290.15 290.15 290.15 290.15 290.15 290.15 290.15 290.15 290.15 290.15 290.15 290.15 290.15 290.15 290.15 290.15 290.15 290.15 290.15 290.15 290.15 290.15 290.15 290.15 290.15 290.15 290.15 290.15 290.15 290.15 290.15 290.15 290.15 290.15
277.203 283.597 286.167 287.403 288.099 288.541 288.85 289.082 289.265 289.417 289.547 289.663 289.769 289.869 289.965 290.059 290.154 290.252 290.353 290.459 290.573 290.696 290.829 290.976 291.138 291.318 291.519 291.745 291.999 292.284 292.606 292.969 293.375 293.828 294.328 294.872 295.451 296.048 296.636 297.174 297.611 297.884 297.934 297.713 297.203 296.422 295.413 294.23 292.929 291.556 290.15
276.817 280.866 283.519 285.198 286.301 287.066 287.628 288.062 288.412 288.705 288.959 289.186 289.395 289.591 289.781 289.969 290.157 290.35 290.551 290.763 290.988 291.232 291.497 291.787 292.109 292.466 292.865 293.313 293.816 294.384 295.024 295.745 296.555 297.461 298.464 299.56 300.735 301.956 303.172 304.301 305.236 305.843 305.989 305.565 304.529 302.923 300.849 298.429 295.78 292.996 290.15
276.628 279.532 281.846 283.568 284.839 285.795 286.535 287.127 287.616 288.033 288.398 288.728 289.033 289.322 289.602 289.878 290.157 290.443 290.74 291.053 291.387 291.748 292.14 292.57 293.046 293.575 294.165 294.827 295.572 296.413 297.362 298.434 299.642 300.998 302.509 304.173 305.974 307.873 309.796 311.626 313.189 314.267 314.615 314.03 312.427 309.894 306.631 302.859 298.767 294.497 290.15
276.523 278.786 280.765 282.39 283.694 284.74 285.59 286.295 286.893 287.412 287.875 288.296 288.689 289.063 289.427 289.788 290.152 290.526 290.915 291.325 291.763 292.235 292.748 293.311 293.933 294.624 295.396 296.262 297.237 298.337 299.582 300.992 302.586 304.385 306.405 308.652 311.119 313.769 316.518 319.219 321.632 323.422 324.177 323.514 321.255 317.598 312.924 307.609 301.932 296.076 290.15
276.458 278.324 280.038 281.534 282.807 283.881 284.792 285.571 286.249 286.85 287.393 287.894 288.364 288.816 289.257 289.696 290.14 290.596 291.071 291.572 292.107 292.684 293.31 293.998 294.756 295.598 296.538 297.593 298.78 300.122 301.643 303.369 305.329 307.556 310.077 312.917 316.087 319.569 323.293 327.103 330.703 333.614 335.161 334.599 331.485 326.32 319.861 312.72 305.277 297.727 290.15
276.414 278.016 279.528 280.901 282.119 283.188 284.124 284.95 285.684 286.348 286.956 287.523 288.062 288.581 289.092 289.602 290.119 290.65 291.205 291.79 292.414 293.087 293.817 294.617 295.5 296.479 297.571 298.796 300.175 301.734 303.504 305.517 307.814 310.437 313.436 316.858 320.748 325.132 329.988 335.201 340.469 345.175 348.257 348.238 343.77 336.338 327.483 318.136 308.73 299.405 290.15
276.383 277.799 279.157 280.424 281.581 282.627 283.569 284.419 285.192 285.902 286.562 287.184 287.78 288.359 288.93 289.503 290.086 290.686 291.312 291.973 292.678 293.436 294.26 295.161 296.153 297.253 298.478 299.851 301.396 303.144 305.128 307.39 309.978 312.952 316.379 320.339 324.924 330.228 336.333 343.25 350.802 358.365 364.46 366.33 359.022 347.781 335.598 323.613 312.105 301.013 290.15
276.361 277.639 278.879 280.057 281.156 282.172 283.107 283.968 284.765 285.507 286.207 286.873 287.517 288.147 288.771 289.399 290.04 290.7 291.39 292.117 292.893 293.727 294.632 295.62 296.706 297.908 299.246 300.742 302.424 304.325 306.482 308.944 311.767 315.021 318.796 323.203 328.387 334.533 341.873 350.672 361.129 373.031 384.892 393.604 378.212 360.17 343.52 328.613 315.065 302.394 290.15
276.343 277.517 278.665 279.768 280.814 281.798 282.72 283.583 284.393 285.158 285.887 286.589 287.271 287.943 288.612 289.288 289.977 290.69 291.434 292.22 293.056 293.954 294.927 295.987 297.151 298.436 299.863 301.455 303.242 305.258 307.542 310.146 313.132 316.579 320.59 325.3 330.897 337.651 345.962 356.444 370.019 387.744 408.48 413.243 400.055 371.172 349.702 332.259 317.147 303.35 290.15
276.33 277.422 278.495 279.536 280.535 281.488 282.393 283.251 284.068 284.847 285.598 286.326 287.039 287.744 288.451 289.166 289.897 290.654 291.444 292.277 293.163 294.114 295.142 296.259 297.483 298.831 300.323 301.984 303.842 305.931 308.293 310.977 314.048 317.585 321.694 326.518 332.26 339.222 347.889 359.131 374.767 399.453 416.301 419.095 405.854 374.766 351.861 333.575 317.918 303.71 290.15
276.319 277.345 278.357 279.346 280.305 281.228 282.114 282.964 283.781 284.569 285.333 286.08 286.817 287.549 288.285 289.032 289.797 290.589 291.416 292.288 293.214 294.205 295.274 296.434 297.7 299.09 300.624 302.325 304.22 306.343 308.731 311.433 314.507 318.029 322.094 326.83 332.415 339.098 347.25 357.433 370.473 387.262 406.44 409.242 397.759 370.181 349.404 332.265 317.242 303.421 290.15
276.31 277.282 278.244 279.188 280.11 281.005 281.872 282.711 283.525 284.316 285.089 285.849 286.603 287.355 288.114 288.885 289.676 290.495 291.351 292.251 293.207 294.227 295.324 296.512 297.804 299.216 300.769 302.483 304.383 306.5 308.867 311.528 314.531 317.941 321.833 326.306 331.482 337.516 344.59 352.887 362.442 372.689 381.216 381.935 374.019 358.801 343.313 328.841 315.366 302.585 290.15
276.303 277.229 278.148 279.054 279.943 280.812 281.659 282.486 283.293 284.083 284.86 285.628 286.393 287.159 287.934 288.723 289.533 290.372 291.247 292.167 293.142 294.18 295.294 296.495 297.796 299.213 300.763 302.466 304.342 306.418 308.723 311.292 314.162 317.382 321.005 325.09 329.703 334.903 340.721 347.092 353.728 359.844 363.81 363.272 357.586 347.698 336.21 324.425 312.799 301.403 290.15
276.296 277.183 278.065 278.937 279.796 280.641 281.469 282.282 283.08 283.866 284.643 285.414 286.185 286.96 287.744 288.544 289.367 290.218 291.105 292.037 293.021 294.067 295.185 296.387 297.683 299.088 300.617 302.286 304.113 306.12 308.329 310.765 313.457 316.434 319.726 323.359 327.349 331.686 336.307 341.045 345.544 349.16 350.916 349.764 345.361 338.2 329.41 319.852 310.003 300.08 290.15
276.29 277.143 277.992 278.834 279.666 280.487 281.297 282.095 282.882 283.661 284.434 285.204 285.976 286.754 287.544 288.349 289.178 290.034 290.927 291.862 292.847 293.891 295.004 296.194 297.472 298.851 300.342 301.959 303.718 305.632 307.72 309.997 312.481 315.185 318.119 321.284 324.66 328.197 331.79 335.247 338.254 340.344 340.939 339.517 335.899 330.338 323.384 315.572 307.285 298.764 290.15
276.285 277.107 277.927 278.741 279.548 280.347 281.137 281.919 282.694 283.463 284.23 284.996 285.765 286.542 287.332 288.138 288.966 289.822 290.712 291.644 292.622 293.656 294.754 295.923 297.172 298.512 299.953 301.505 303.178 304.985 306.934 309.036 311.297 313.719 316.296 319.01 321.823 324.664 327.42 329.913 331.891 333.033 332.988 331.472 328.39 323.873 318.222 311.77 304.804 297.543 290.15
276.281 277.075 277.867 278.655 279.438 280.216 280.987 281.753 282.514 283.272 284.029 284.787 285.551 286.323 287.107 287.909 288.732 289.582 290.465 291.386 292.351 293.367 294.442 295.581 296.793 298.085 299.465 300.941 302.52 304.208 306.01 307.93 309.966 312.111 314.35 316.652 318.97 321.23 323.325 325.103 326.376 326.92 326.517 325.002 322.321 318.55 313.866 308.485 302.619 296.455 290.15
276.277 277.045 277.811 278.575 279.335 280.092 280.844 281.593 282.338 283.083 283.828 284.577 285.331 286.094 286.87 287.663 288.477 289.316 290.186 291.091 292.037 293.03 294.075 295.178 296.345 297.582 298.894 300.287 301.764 303.329 304.983 306.722 308.54 310.425 312.353 314.291 316.189 317.976 319.557 320.813 321.6 321.765 321.167 319.706 317.35 314.148 310.211 305.688 300.737 295.511 290.15
276.272 277.016 277.758 278.499 279.237 279.973 280.706 281.437 282.166 282.896 283.628 284.363 285.106 285.857 286.621 287.402 288.202 289.026 289.878 290.763 291.685 292.649 293.659 294.72 295.837 297.014 298.254 299.56 300.934 302.376 303.883 305.448 307.062 308.708 310.361 311.985 313.532 314.94 316.128 317.002 317.457 317.384 316.69 315.312 313.234 310.486 307.147 303.322 299.132 294.701 290.15
276.269 276.989 277.708 278.426 279.142 279.857 280.571 281.283 281.996 282.709 283.425 284.146 284.874 285.611 286.361 287.125 287.909 288.714 289.545 290.406 291.3 292.23 293.202 294.218 295.281 296.395 297.56 298.779 300.05 301.371 302.737 304.14 305.567 306.999 308.411 309.768 311.028 312.136 313.025 313.624 313.852 313.634 312.906 311.629 309.793 307.422 304.574 301.326 297.772 294.013 290.15
276.265 276.962 277.659 278.355 279.05 279.744 280.437 281.131 281.825 282.521 283.221 283.925 284.636 285.357 286.089 286.835 287.599 288.382 289.189 290.022 290.885 291.78 292.71 293.678 294.685 295.734 296.825 297.957 299.128 300.334 301.569 302.822 304.08 305.323 306.528 307.664 308.69 309.562 310.227 310.627 310.704 310.403 309.681 308.513 306.893 304.843 302.405 299.639 296.62 293.429 290.15
276.261 276.936 277.61 278.285 278.958 279.632 280.305 280.979 281.654 282.332 283.013 283.699 284.392 285.094 285.806 286.532 287.273 288.033 288.813 289.616 290.445 291.302 292.189 293.107 294.058 295.043 296.06 297.108 298.183 299.282 300.395 301.512 302.62 303.7 304.73 305.681 306.52 307.209 307.705 307.965 307.944 307.603 306.913 305.856 304.432 302.658 300.568 298.21 295.643 292.933 290.15
276.258 276.91 277.563 278.215 278.868 279.52 280.173 280.827 281.482 282.14 282.802 283.468 284.141 284.823 285.514 286.217 286.934 287.668 288.419 289.191 289.985 290.802 291.645 292.513 293.408 294.329 295.275 296.243 297.228 298.227 299.229 300.225 301.201 302.141 303.023 303.823 304.512 305.06 305.433 305.595 305.515 305.164 304.52 303.574 302.328 300.795 299.005 296.994 294.811 292.511 290.15
276.254 276.885 277.515 278.146 278.777 279.408 280.04 280.673 281.308 281.946 282.587 283.233 283.885 284.544 285.213 285.892 286.584 287.29 288.011 288.75 289.508 290.285 291.083 291.902 292.742 293.601 294.479 295.371 296.273 297.179 298.082 298.97 299.832 300.652 301.41 302.088 302.659 303.1 303.382 303.479 303.367 303.025 302.439 301.602 300.517 299.197 297.665 295.954 294.1 292.15 290.15
276.25 276.859 277.468 278.077 278.686 279.296 279.907 280.519 281.132 281.749 282.368 282.993 283.623 284.259 284.904 285.558 286.223 286.9 287.591 288.296 289.017 289.754 290.508 291.278 292.065 292.865 293.678 294.499 295.324 296.148 296.961 297.755 298.518 299.236 299.892 300.47 300.949 301.309 301.527 301.584 301.46 301.141 300.617 299.884 298.947 297.816 296.511 295.058 293.489 291.84 290.15
276.247 276.833 277.42 278.008 278.595 279.183 279.772 280.362 280.954 281.549 282.147 282.748 283.355 283.968 284.588 285.216 285.853 286.501 287.16 287.832 288.516 289.213 289.924 290.647 291.381 292.126 292.878 293.634 294.389 295.137 295.871 296.582 297.26 297.892 298.465 298.964 299.371 299.67 299.845 299.879 299.758 299.471 299.012 298.379 297.577 296.615 295.51 294.283 292.96 291.572 290.15
276.243 276.808 277.373 277.938 278.503 279.069 279.636 280.204 280.774 281.346 281.921 282.5 283.083 283.671 284.266 284.867 285.476 286.094 286.722 287.359 288.007 288.665 289.333 290.011 290.696 291.388 292.083 292.779 293.47 294.15 294.814 295.454 296.059 296.62 297.124 297.559 297.911 298.167 298.314 298.338 298.23 297.982 297.589 297.051 296.373 295.562 294.634 293.606 292.499 291.338 290.15
276.239 276.782 277.324 277.867 278.41 278.954 279.499 280.044 280.592 281.141 281.693 282.248 282.806 283.37 283.938 284.512 285.093 285.681 286.277 286.881 287.493 288.112 288.74 289.373 290.012 290.655 291.297 291.937 292.57 293.191 293.793 294.37 294.914 295.414 295.863 296.248 296.559 296.785 296.915 296.94 296.852 296.646 296.319 295.871 295.306 294.633 293.863 293.011 292.094 291.133 290.15
276.236 276.756 277.276 277.796 278.317 278.838 279.36 279.883 280.407 280.933 281.461 281.992 282.526 283.064 283.606 284.153 284.705 285.263 285.828 286.398 286.975 287.557 288.145 288.737 289.332 289.928 290.522 291.111 291.691 292.258 292.807 293.33 293.821 294.272 294.675 295.021 295.301 295.507 295.63 295.664 295.601 295.439 295.176 294.813 294.354 293.805 293.178 292.483 291.735 290.952 290.15
276.232 276.729 277.227 277.724 278.222 278.72 279.219 279.719 280.22 280.722 281.227 281.733 282.242 282.754 283.27 283.789 284.313 284.842 285.375 285.912 286.455 287.001 287.551 288.104 288.657 289.209 289.758 290.301 290.834 291.353 291.854 292.331 292.777 293.187 293.554 293.87 294.128 294.322 294.445 294.492 294.458 294.341 294.141 293.858 293.496 293.062 292.563 292.01 291.414 290.79 290.15
276.228 276.703 277.177 277.652 278.127 278.602 279.077 279.554 280.031 280.51 280.99 281.471 281.955 282.441 282.93 283.423 283.918 284.417 284.919 285.425 285.934 286.446 286.959 287.474 287.988 288.5 289.008 289.508 289.999 290.475 290.934 291.37 291.779 292.154 292.492 292.785 293.028 293.216 293.344 293.408 293.405 293.334 293.194 292.987 292.717 292.388 292.007 291.583 291.124 290.643 290.15
276.224 276.676 277.127 277.578 278.03 278.482 278.934 279.387 279.84 280.295 280.75 281.207 281.665 282.126 282.588 283.053 283.52 283.99 284.462 284.937 285.413 285.892 286.371 286.849 287.327 287.801 288.27 288.732 289.184 289.622 290.044 290.445 290.821 291.169 291.482 291.758 291.991 292.178 292.315 292.399 292.428 292.402 292.321 292.186 292.001 291.769 291.497 291.191 290.859 290.509 290.15
276.22 276.648 277.076 277.504 277.932 278.361 278.789 279.218 279.648 280.078 280.508 280.94 281.373 281.808 282.243 282.681 283.12 283.561 284.004 284.448 284.893 285.339 285.785 286.23 286.673 287.112 287.545 287.972 288.388 288.792 289.181 289.552 289.901 290.224 290.519 290.781 291.009 291.197 291.346 291.451 291.513 291.531 291.506 291.44 291.335 291.195 291.025 290.829 290.614 290.385 290.15
276.217 276.621 277.025 277.43 277.834 278.238 278.643 279.048 279.453 279.859 280.265 280.671 281.079 281.487 281.897 282.307 282.719 283.132 283.545 283.96 284.375 284.79 285.204 285.616 286.026 286.432 286.833 287.226 287.611 287.984 288.343 288.687 289.012 289.315 289.594 289.847 290.071 290.265 290.426 290.553 290.648 290.709 290.738 290.737 290.709 290.655 290.58 290.488 290.383 290.269 290.15
276.213 276.593 276.974 277.354 277.735 278.115 278.496 278.876 279.257 279.638 280.019 280.401 280.783 281.165 281.548 281.932 282.316 282.701 283.087 283.472 283.858 284.242 284.626 285.008 285.387 285.761 286.131 286.494 286.849 287.194 287.527 287.847 288.15 288.437 288.703 288.948 289.171 289.37 289.545 289.695 289.821 289.924 290.006 290.067 290.111 290.14 290.156 290.163 290.162 290.157 290.15
276.209 276.565 276.922 277.278 277.634 277.991 278.347 278.703 279.059 279.415 279.772 280.128 280.484 280.841 281.198 281.556 281.913 282.271 282.628 282.985 283.342 283.698 284.052 284.404 284.754 285.099 285.44 285.775 286.102 286.421 286.73 287.028 287.312 287.583 287.839 288.078 288.3 288.506 288.694 288.867 289.023 289.166 289.297 289.418 289.532 289.639 289.744 289.846 289.947 290.049 290.15
276.205 276.537 276.869 277.201 277.533 277.865 278.197 278.529 278.86 279.191 279.523 279.854 280.185 280.516 280.847 281.178 281.509 281.839 282.17 282.499 282.828 283.156 283.482 283.806 284.127 284.445 284.758 285.066 285.368 285.662 285.949 286.226 286.493 286.75 286.996 287.23 287.452 287.664 287.865 288.058 288.244 288.425 288.603 288.781 288.961 289.146 289.336 289.532 289.734 289.941 290.15
276.201 276.509 276.816 277.124 277.432 277.739 278.046 278.353 278.66 278.966 279.272 279.578 279.884 280.189 280.495 280.799 281.104 281.408 281.712 282.014 282.316 282.617 282.915 283.212 283.506 283.797 284.084 284.366 284.644 284.915 285.18 285.439 285.689 285.933 286.169 286.397 286.619 286.836 287.05 287.261 287.474 287.69 287.912 288.145 288.389 288.649 288.923 289.213 289.517 289.831 290.15
276.197 276.48 276.763 277.046 277.329 277.612 277.894 278.176 278.458 278.739 279.02 279.301 279.582 279.862 280.141 280.42 280.699 280.977 281.254 281.53 281.805 282.079 282.351 282.622 282.889 283.154 283.416 283.674 283.928 284.178 284.422 284.662 284.897 285.127 285.353 285.576 285.796 286.017 286.24 286.467 286.703 286.951 287.215 287.499 287.806 288.138 288.498 288.883 289.291 289.716 290.15
276.193 276.451 276.709 276.968 277.226 277.483 277.741 277.998 278.255 278.511 278.767 279.023 279.278 279.533 279.787 280.04 280.293 280.545 280.796 281.047 281.296 281.544 281.79 282.035 282.277 282.517 282.754 282.989 283.22 283.448 283.672 283.894 284.112 284.329 284.544 284.76 284.977 285.199 285.428 285.669 285.925 286.201 286.501 286.833 287.199 287.603 288.047 288.531 289.049 289.592 290.15
276.188 276.422 276.655 276.889 277.122 277.355 277.587 277.819 278.051 278.282 278.513 278.744 278.974 279.203 279.432 279.66 279.887 280.114 280.339 280.564 280.788 281.01 281.231 281.45 281.668 281.883 282.097 282.308 282.517 282.723 282.928 283.131 283.333 283.535 283.738 283.945 284.157 284.377 284.609 284.858 285.129 285.427 285.76 286.134 286.555 287.029 287.56 288.146 288.781 289.455 290.15
276.184 276.393 276.601 276.809 277.017 277.225 277.432 277.64 277.846 278.052 278.258 278.463 278.668 278.872 279.076 279.278 279.48 279.682 279.882 280.082 280.28 280.477 280.673 280.868 281.061 281.253 281.442 281.631 281.817 282.003 282.187 282.372 282.556 282.743 282.932 283.127 283.331 283.546 283.776 284.029 284.308 284.622 284.98 285.389 285.86 286.401 287.018 287.712 288.477 289.298 290.15
276.18 276.363 276.546 276.729 276.912 277.095 277.277 277.459 277.64 277.821 278.002 278.182 278.362 278.541 278.719 278.897 279.074 279.25 279.425 279.6 279.773 279.946 280.117 280.287 280.456 280.624 280.791 280.956 281.121 281.285 281.449 281.614 281.78 281.949 282.123 282.304 282.495 282.701 282.925 283.174 283.455 283.776 284.149 284.586 285.098 285.699 286.4 287.207 288.117 289.109 290.15
276.176 276.334 276.492 276.649 276.807 276.964 277.121 277.278 277.434 277.59 277.745 277.9 278.055 278.208 278.362 278.514 278.666 278.818 278.968 279.118 279.267 279.415 279.562 279.708 279.853 279.998 280.141 280.284 280.426 280.569 280.711 280.856 281.002 281.152 281.308 281.473 281.648 281.839 282.05 282.289 282.562 282.881 283.258 283.707 284.247 284.897 285.677 286.602 287.673 288.873 290.15
276.172 276.304 276.437 276.569 276.701 276.833 276.964 277.096 277.227 277.357 277.488 277.617 277.747 277.875 278.004 278.132 278.259 278.385 278.511 278.636 278.761 278.885 279.008 279.13 279.251 279.372 279.493 279.613 279.733 279.853 279.974 280.097 280.222 280.352 280.488 280.632 280.787 280.959 281.151 281.37 281.626 281.929 282.294 282.739 283.288 283.967 284.811 285.849 287.103 288.56 290.15
276.168 276.274 276.381 276.488 276.595 276.701 276.807 276.913 277.019 277.124 277.229 277.334 277.438 277.542 277.645 277.748 277.851 277.953 278.054 278.155 278.255 278.355 278.454 278.552 278.65 278.748 278.845 278.942 279.039 279.137 279.235 279.336 279.439 279.546 279.659 279.78 279.912 280.059 280.225 280.417 280.644 280.917 281.252 281.669 282.198 282.874 283.749 284.882 286.329 288.113 290.15
276.163 276.245 276.326 276.407 276.488 276.569 276.65 276.73 276.811 276.891 276.971 277.05 277.129 277.208 277.287 277.365 277.443 277.52 277.597 277.674 277.75 277.825 277.9 277.975 278.05 278.124 278.198 278.272 278.346 278.42 278.496 278.573 278.653 278.736 278.824 278.92 279.024 279.141 279.274 279.43 279.617 279.845 280.128 280.49 280.96 281.584 282.431 283.6 285.219 287.414 290.15
276.159 276.215 276.27 276.326 276.381 276.437 276.492 276.547 276.602 276.657 276.712 276.766 276.82 276.874 276.928 276.981 277.034 277.087 277.14 277.192 277.244 277.296 277.347 277.398 277.449 277.5 277.551 277.601 277.652 277.703 277.756 277.809 277.864 277.922 277.983 278.05 278.124 278.206 278.302 278.414 278.549 278.716 278.928 279.202 279.567 280.072 280.793 281.867 283.534 286.175 290.15
276.155 276.185 276.215 276.245 276.275 276.304 276.334 276.364 276.393 276.423 276.452 276.481 276.511 276.54 276.569 276.597 276.626 276.654 276.683 276.711 276.739 276.766 276.794 276.822 276.849 276.876 276.904 276.931 276.958 276.986 277.014 277.043 277.073 277.104 277.138 277.174 277.215 277.26 277.313 277.375 277.451 277.545 277.665 277.822 278.037 278.342 278.801 279.543 280.874 283.601 290.15
276.155 276.155 276.159 276.163 276.168 276.172 276.176 276.18 276.184 276.189 276.193 276.197 276.201 276.205 276.209 276.213 276.217 276.221 276.225 276.229 276.233 276.237 276.241 276.245 276.249 276.253 276.257 276.26 276.264 276.268 276.272 276.276 276.281 276.285 276.29 276.295 276.301 276.307 276.314 276.323 276.334 276.347 276.364 276.387 276.417 276.46 276.525 276.63 276.818 277.204 290.15
