290.15 290.15 290.15 290.15 290.15 290.15 290.15 290.15 290.15 290.15 290.15 290.15 290.15 290.15 290.15 290.15 290.15 290.15 290.15 290.15 290.15 290.15 290.15 290.15 290.15 290.15 290.15 290.15 290.15 290.15 290.15 290.15 290.15 290.15 290.15 290.15 290.15 290.15 290.15 290.15 290.15 290.15 290.15 290.15 290.15 290.15 290.15 290.15 290.15 290.15 290.15 290.15 290.15 290.15 290.15 290.15 290.15 290.15 290.15 290.15 290.15 290.15 290.15 290.15
277.181 283.6 286.186 287.434 288.139 288.589 288.903 289.138 289.321 289.471 289.596 289.705 289.801 289.887 289.968 290.043 290.117 290.19 290.264 290.34 290.42 290.506 290.599 290.702 290.816 290.943 291.087 291.25 291.435 291.646 291.888 292.164 292.481 292.845 293.262 293.739 294.282 294.899 295.595 296.371 297.226 298.15 299.121 300.104 301.048 301.88 302.522 302.891 302.928 302.613 301.973 301.073 299.993 298.808 297.577 296.338 295.109 293.888 292.648 291.331 289.81 287.785 284.451 277.299
276.805 280.882 283.561 285.262 286.383 287.164 287.736 288.176 288.527 288.816 289.06 289.272 289.461 289.631 289.79 289.94 290.085 290.229 290.375 290.526 290.685 290.855 291.04 291.243 291.469 291.721 292.005 292.328 292.694 293.112 293.591 294.139 294.767 295.488 296.315 297.261 298.342 299.57 300.959 302.515 304.235 306.103 308.081 310.1 312.056 313.803 315.166 315.965 316.059 315.4 314.056 312.177 309.942 307.513 305.012 302.516 300.061 297.644 295.223 292.716 289.973 286.731 282.568 277.038
276.622 279.563 281.914 283.669 284.968 285.946 286.703 287.304 287.795 288.206 288.557 288.864 289.139 289.388 289.621 289.841 290.055 290.268 290.483 290.706 290.94 291.191 291.464 291.763 292.096 292.468 292.887 293.363 293.903 294.52 295.226 296.034 296.962 298.027 299.25 300.651 302.255 304.084 306.159 308.495 311.097 313.948 317 320.161 323.275 326.112 328.377 329.745 329.945 328.875 326.676 323.639 320.086 316.29 312.442 308.655 304.977 301.403 297.886 294.339 290.634 286.598 282.054 276.967
276.522 278.835 280.862 282.532 283.874 284.951 285.824 286.542 287.143 287.655 288.099 288.49 288.842 289.164 289.464 289.75 290.028 290.305 290.585 290.875 291.18 291.507 291.862 292.252 292.685 293.17 293.716 294.334 295.038 295.841 296.76 297.813 299.022 300.411 302.008 303.841 305.945 308.353 311.1 314.213 317.712 321.593 325.815 330.273 334.772 338.996 342.488 344.695 345.102 343.482 340.135 335.618 330.477 325.122 319.813 314.687 309.789 305.106 300.58 296.122 291.625 286.974 282.083 276.971
276.46 278.392 280.169 281.722 283.046 284.161 285.101 285.898 286.581 287.174 287.694 288.157 288.576 288.962 289.323 289.668 290.004 290.339 290.678 291.03 291.4 291.796 292.226 292.699 293.225 293.812 294.474 295.224 296.076 297.049 298.163 299.439 300.906 302.592 304.532 306.765 309.335 312.288 315.677 319.549 323.95 328.902 334.396 340.346 346.55 352.613 357.886 361.45 362.29 359.819 354.765 348.224 341.083 333.909 327.004 320.491 314.39 308.654 303.205 297.945 292.772 287.589 282.335 277.006
276.421 278.106 279.698 281.144 282.426 283.546 284.521 285.37 286.111 286.765 287.346 287.869 288.345 288.785 289.2 289.597 289.984 290.37 290.762 291.168 291.596 292.054 292.551 293.098 293.705 294.383 295.148 296.013 296.998 298.121 299.406 300.88 302.573 304.522 306.767 309.356 312.344 315.793 319.774 324.362 329.638 335.675 342.523 350.17 358.471 367.026 374.998 380.931 382.793 378.741 370.888 361.432 351.725 342.431 333.803 325.887 318.626 311.917 305.643 299.684 293.927 288.277 282.663 277.051
276.394 277.914 279.372 280.73 281.967 283.078 284.068 284.948 285.731 286.43 287.058 287.628 288.151 288.637 289.096 289.536 289.967 290.397 290.834 291.287 291.764 292.275 292.83 293.439 294.116 294.872 295.724 296.688 297.784 299.034 300.464 302.104 303.989 306.159 308.662 311.553 314.897 318.772 323.268 328.492 334.57 341.642 349.857 359.345 370.143 382.026 394.153 404.486 409.216 401.469 388.617 374.894 361.959 350.288 339.895 330.632 322.311 314.747 307.768 301.222 294.978 288.928 282.988 277.096
276.376 277.783 279.147 280.438 281.635 282.732 283.727 284.625 285.435 286.166 286.83 287.436 287.995 288.517 289.012 289.488 289.954 290.42 290.893 291.384 291.901 292.456 293.057 293.718 294.45 295.27 296.191 297.235 298.42 299.772 301.317 303.089 305.126 307.47 310.175 313.301 316.924 321.134 326.039 331.775 338.514 346.471 355.923 367.214 380.735 396.789 415.107 433.65 448.118 429.307 407.222 387.572 370.932 356.873 344.859 334.436 325.243 316.995 309.462 302.459 295.837 289.471 283.264 277.134
276.364 277.697 278.996 280.238 281.405 282.488 283.482 284.391 285.218 285.972 286.66 287.292 287.878 288.427 288.948 289.451 289.944 290.436 290.938 291.457 292.005 292.592 293.229 293.927 294.702 295.568 296.542 297.644 298.895 300.32 301.949 303.816 305.959 308.426 311.27 314.559 318.372 322.806 327.984 334.061 341.244 349.812 360.157 372.859 388.8 409.292 435.842 466.894 475.993 460.423 423.397 397.243 377.331 361.414 348.235 337.015 327.234 318.529 310.626 303.318 296.44 289.857 283.462 277.162
276.357 277.644 278.903 280.113 281.26 282.332 283.325 284.239 285.076 285.844 286.548 287.197 287.8 288.367 288.906 289.426 289.937 290.447 290.967 291.506 292.074 292.682 293.341 294.065 294.867 295.763 296.77 297.908 299.2 300.67 302.349 304.27 306.475 309.009 311.928 315.3 319.204 323.741 329.035 335.249 342.597 351.38 362.039 375.272 392.319 415.744 452.079 477.786 484.227 468.689 428.704 400.679 379.737 363.223 349.657 338.156 328.154 319.262 311.199 303.75 296.748 290.057 283.565 277.176
276.353 277.618 278.858 280.054 281.19 282.256 283.248 284.164 285.006 285.78 286.492 287.149 287.761 288.336 288.884 289.413 289.932 290.452 290.98 291.528 292.106 292.724 293.394 294.129 294.943 295.852 296.872 298.025 299.331 300.817 302.511 304.448 306.666 309.212 312.14 315.513 319.41 323.924 329.173 335.308 342.522 351.081 361.353 373.878 389.465 409.294 434.637 463.636 470.133 457.096 422.055 397.038 377.719 362.087 349.017 337.802 327.966 319.17 311.159 303.737 296.746 290.059 283.567 277.176
276.353 277.618 278.858 280.054 281.19 282.256 283.248 284.164 285.006 285.78 286.491 287.149 287.761 288.336 288.883 289.411 289.93 290.449 290.977 291.525 292.101 292.718 293.386 294.118 294.929 295.833 296.847 297.992 299.288 300.76 302.437 304.35 306.537 309.041 311.912 315.21 319.005 323.379 328.434 334.293 341.109 349.073 358.421 369.429 382.374 397.335 413.547 427.679 431.267 423.198 405.386 387.703 372.018 358.395 346.525 336.072 326.742 318.295 310.533 303.294 296.443 289.867 283.469 277.163
276.357 277.643 278.903 280.113 281.26 282.332 283.325 284.238 285.076 285.843 286.547 287.196 287.799 288.365 288.903 289.422 289.932 290.441 290.959 291.495 292.06 292.663 293.317 294.033 294.825 295.708 296.698 297.813 299.074 300.505 302.131 303.983 306.096 308.508 311.265 314.417 318.026 322.159 326.896 332.327 338.556 345.69 353.834 363.05 373.276 384.129 394.544 402.273 404.063 399.05 388.595 376.375 364.261 352.953 342.621 333.222 324.64 316.738 309.386 302.464 295.866 289.497 283.278 277.136
276.364 277.697 278.996 280.238 281.405 282.487 283.482 284.39 285.217 285.97 286.658 287.29 287.876 288.424 288.944 289.445 289.936 290.426 290.925 291.44 291.983 292.562 293.19 293.877 294.636 295.481 296.427 297.493 298.696 300.059 301.605 303.363 305.362 307.637 310.227 313.175 316.529 320.342 324.67 329.572 335.103 341.303 348.181 355.669 363.555 371.369 378.233 382.812 383.668 380.348 373.573 364.947 355.702 346.54 337.788 329.56 321.859 314.634 307.812 301.313 295.06 288.98 283.011 277.099
276.376 277.783 279.147 280.437 281.635 282.731 283.726 284.624 285.434 286.165 286.828 287.433 287.992 288.513 289.006 289.48 289.944 290.407 290.876 291.362 291.872 292.417 293.007 293.652 294.364 295.156 296.043 297.039 298.163 299.434 300.874 302.506 304.357 306.457 308.837 311.532 314.58 318.016 321.877 326.194 330.986 336.245 341.924 347.895 353.914 359.563 364.213 367.08 367.453 365.107 360.407 354.142 347.066 339.721 332.434 325.374 318.604 312.13 305.917 299.919 294.081 288.352 282.688 277.055
276.394 277.914 279.372 280.73 281.967 283.078 284.068 284.947 285.729 286.428 287.056 287.625 288.147 288.632 289.089 289.528 289.956 290.382 290.815 291.261 291.73 292.231 292.772 293.364 294.016 294.742 295.552 296.463 297.488 298.646 299.955 301.435 303.109 305.001 307.138 309.544 312.247 315.27 318.634 322.348 326.406 330.775 335.379 340.079 344.65 348.761 351.983 353.845 353.965 352.223 348.812 344.152 338.702 332.847 326.857 320.899 315.059 309.365 303.81 298.366 292.995 287.66 282.334 277.006
276.421 278.106 279.697 281.144 282.425 283.546 284.52 285.369 286.11 286.763 287.344 287.866 288.341 288.78 289.193 289.588 289.972 290.354 290.741 291.141 291.56 292.007 292.49 293.018 293.599 294.245 294.966 295.776 296.686 297.711 298.869 300.175 301.648 303.307 305.173 307.264 309.598 312.19 315.046 318.163 321.522 325.076 328.744 332.397 335.849 338.854 341.12 342.355 342.343 341.013 338.472 334.955 330.747 326.111 321.252 316.311 311.369 306.464 301.595 296.743 291.874 286.959 281.982 276.957
276.46 278.392 280.168 281.722 283.045 284.16 285.1 285.897 286.58 287.172 287.691 288.154 288.572 288.957 289.316 289.659 289.993 290.323 290.658 291.003 291.365 291.75 292.166 292.621 293.121 293.677 294.296 294.991 295.771 296.649 297.638 298.752 300.005 301.412 302.988 304.746 306.698 308.849 311.201 313.742 316.447 319.267 322.128 324.921 327.502 329.69 331.29 332.118 332.042 331.02 329.11 326.452 323.224 319.602 315.732 311.725 307.646 303.527 299.365 295.137 290.801 286.321 281.679 276.915
276.521 278.835 280.862 282.532 283.874 284.951 285.824 286.541 287.142 287.654 288.097 288.488 288.838 289.159 289.458 289.742 290.018 290.291 290.566 290.85 291.148 291.465 291.807 292.18 292.591 293.047 293.555 294.124 294.762 295.479 296.286 297.193 298.211 299.351 300.624 302.038 303.601 305.313 307.171 309.162 311.26 313.421 315.584 317.663 319.55 321.118 322.238 322.789 322.691 321.917 320.5 318.523 316.098 313.341 310.353 307.212 303.966 300.634 297.204 293.638 289.875 285.844 281.498 276.89
276.622 279.563 281.914 283.669 284.968 285.946 286.702 287.303 287.794 288.204 288.555 288.862 289.136 289.385 289.616 289.835 290.047 290.256 290.468 290.686 290.914 291.157 291.419 291.704 292.019 292.367 292.755 293.189 293.676 294.223 294.837 295.526 296.299 297.162 298.122 299.186 300.357 301.634 303.012 304.479 306.012 307.577 309.128 310.6 311.919 312.999 313.756 314.113 314.02 313.46 312.451 311.044 309.308 307.314 305.13 302.807 300.375 297.839 295.179 292.338 289.219 285.682 281.579 276.901
276.805 280.882 283.561 285.262 286.383 287.163 287.736 288.176 288.526 288.815 289.059 289.271 289.459 289.629 289.786 289.935 290.079 290.221 290.365 290.512 290.667 290.831 291.008 291.201 291.414 291.649 291.912 292.205 292.533 292.902 293.315 293.779 294.298 294.876 295.519 296.23 297.01 297.857 298.768 299.732 300.735 301.752 302.751 303.693 304.529 305.207 305.675 305.889 305.818 305.453 304.804 303.898 302.775 301.479 300.047 298.511 296.887 295.171 293.337 291.316 288.98 286.087 282.234 276.992
277.181 283.6 286.186 287.434 288.139 288.589 288.903 289.137 289.321 289.47 289.596 289.704 289.8 289.886 289.966 290.041 290.114 290.186 290.258 290.333 290.411 290.494 290.583 290.68 290.787 290.906 291.038 291.186 291.351 291.537 291.745 291.978 292.238 292.529 292.851 293.206 293.596 294.018 294.471 294.949 295.445 295.945 296.435 296.894 297.3 297.627 297.85 297.95 297.912 297.732 297.414 296.97 296.418 295.779 295.07 294.306 293.491 292.623 291.68 290.611 289.299 287.453 284.278 277.275
290.15 290.15 290.15 290.15 290.15 290.15 290.15 290.15 290.15 290.15 290.15 290.15 290.15 290.15 290.15 290.15 290.15 290.15 290.15 290.15 290.15 290.15 290.15 290.15 290.15 290.15 290.15 290.15 290.15 290.15 290.15 290.15 290.15 290.15 290.15 290.15 290.15 290.15 290.15 290.15 290.15 290.15 290.15 290.15 290.15 290.15 290.15 290.15 290.15 290.15 290.15 290.15 290.15 290.15 290.15 290.15 290.15 290.15 290.15 290.15 290.15 290.15 290.15 290.15
